82728
39850
24609
24964
16230
29827
52378
15961
48209
90738
50850
83479
91264
66553
39685
31946
39808
45133
57938
70650
40085
82147
48132
36805
95935
43007
64997
16361
77467
88430
40863
85989
64698
63392
32665
82943
91491
96858
88128
82315
12263
56902
16051
41613
48481
39670
31830
93702
27322
77697
12569
35225
59674
18319
88626
26170
70247
38965
52976
15339
72244
46476
11615
92556
30522
52667
61811
15611
31461
36424
92745
10246
86509
45418
45156
95535
16691
43778
71564
87002
94024
20893
62456
33024
66867
61522
16128
41863
88684
59882
70842
62709
16058
67232
62624
47204
81027
76530
25749
81620
71662
80092
19088
40308
39855
93549
71622
64422
43828
77801
13925
51830
12507
50014
56843
57063
37260
94363
58862
57703
33084
51041
97254
35644
18669
56890
31788
54517
52172
50286
96866
56782
25469
33882
56421
91215
83847
62253
94121
98477
37590
25770
59401
73382
58149
54118
59395
63746
94883
50314
93858
27751
26917
81996
71969
30553
77288
79468
30637
57832
29795
71371
27972
43433
45878
74042
38197
63067
76552
86156
19492
52089
66789
82613
20542
22143
73968
40335
92711
19146
53047
49843
96430
98633
50516
23379
35212
22440
51478
81249
53260
83243
92917
53224
83043
79555
70751
84246
46769
59806
20614
81232
59959
37902
29562
52097
24953
17261
54502
96242
37556
18272
66670
83198
23519
17886
16359
40648
77114
36008
79769
47199
46285
23880
57491
98778
21135
96914
78774
63430
87607
29550
93138
53884
29227
11378
73168
28560
58428
85756
51545
40374
96538
70888
96291
87918
76493
88843
92908
39225
70001
76446
85220
58580
97422
61228
28019
90150
51935
90430
84890
45758
33282
35203
81450
99714
62192
48547
81976
58583
14066
62207
86711
36650
57249
80718
63471
71861
68757
41204
66794
95829
83965
87160
49557
61775
43971
95603
68672
99669
24435
73318
54617
71223
55314
93737
47491
34979
77019
61998
45142
58057
77811
67567
75736
35995
69522
74746
76546
61686
81479
86234
17684
54606
91078
87613
68950
92860
97548
94120
65885
93925
65057
47652
90143
22958
19110
90991
86342
13474
39258
32081
59662
77568
26287
73097
65459
15222
94198
31524
62524
63731
94492
39340
98341
87046
54817
92197
75996
15843
81860
97487
55465
98617
41836
96431
68321
44222
12305
26128
49032
32611
16984
79976
53906
28125
79829
71094
15262
10894
33135
73835
92084
99655
26871
21930
11939
50426
84499
76605
70366
23875
29040
65978
65316
78274
19602
59993
61413
95133
60391
56884
32017
61814
36780
34229
96617
16265
68054
41854
87505
82921
29611
64836
12016
25898
39759
70322
16957
80739
42783
53327
60939
65608
51615
42372
82865
51705
60517
32859
65056
66014
95374
62688
19612
14898
35158
46004
12662
59241
50371
66714
32091
27889
21486
91705
43597
96488
16085
84801
17302
35657
89315
56279
14916
55031
99549
69322
15753
13910
10622
89542
45934
25961
73079
73577
11146
41762
75839
54839
42362
23054
41434
68919
51470
82925
52548
77271
77587
58491
90544
97483
92561
37349
81533
16921
54482
55983
18017
91613
28936
94041
97989
74053
12545
82508
16768
68704
79617
41459
88096
59389
24842
13968
46198
15283
49913
10405
92804
76765
54682
33524
76148
66461
33406
51127
23852
72435
26294
42775
75922
47133
36766
30569
27931
54334
40819
70620
65626
53032
80476
26777
56970
40175
76426
25173
87181
51275
16447
81943
10254
75282
60082
64998
49070
56755
69071
75338
75541
90443
89908
13663
36653
49672
55603
66603
88089
42518
63672
46069
35113
25531
55846
68911
97864
67936
64842
95511
53067
33019
48961
91310
81303
21127
55847
49862
90703
51583
95384
71879
51111
73704
67917
90318
38668
58760
46625
31014
60854
37481
49181
94558
88224
33578
17470
97321
14158
71896
37567
13543
56076
17520
13731
64073
79501
15814
22828
82055
45012
65118
27935
72534
67283
94197
11632
57374
88992
40356
55831
21812
13044
61280
93877
97018
39895
94335
43867
91800
39295
37827
43381
12882
99546
69726
92017
92576
82806
95240
73226
95399
41658
32251
21150
25532
68624
99988
28545
47911
10006
70869
76635
74980
29665
22260
83589
12297
94460
14367
48459
48094
64554
40966
55992
56286
91359
37712
10002
35390
79851
28003
11126
77889
21290
12281
58526
96441
32713
11803
15808
87150
61028
43603
49827
79374
63980
35321
63092
93950
61348
67412
88625
82756
61980
33183
82717
10272
90197
66042
87499
22891
19636
14035
44978
66453
35532
90326
45538
58391
68240
17327
54811
29411
19772
55843
34136
35640
31022
51453
59415
47405
24554
16449
84635
71150
91304
16316
24372
51800
25967
10335
26500
21511
47266
51507
43522
13302
28720
27828
17916
27845
60848
15202
21780
45198
15593
84399
84383
45107
55693
61697
40967
12361
85195
23903
75889
85462
55277
99467
80545
97028
49543
79679
37768
49987
52388
49705
97337
65261
32193
96980
55973
43554
14385
13284
31417
39843
47537
97596
92481
32979
20137
32782
97715
36171
52352
65624
43735
32065
37801
57260
58699
46293
88201
65421
98471
97663
29825
36280
63395
13431
65598
45294
36392
48817
42632
75814
79015
63583
21811
15712
82774
25558
40351
66201
17467
25618
21325
48070
71739
22764
70342
61768
90132
35753
87424
44506
58439
91737
84038
34169
57299
16078
94423
12025
49243
24206
19466
36271
20805
44320
55138
80603
80337
59921
95013
42358
60271
91829
72118
42079
29714
75024
97698
53871
32772
23136
65014
99723
10739
96656
77088
60997
16566
34855
13575
10925
41426
45792
77266
54453
26345
45204
22055
66184
89954
76966
16756
35954
41534
34625
16484
13180
72476
56865
29214
48021
85762
11530
25191
40256
42575
78015
79395
51976
91540
15438
83498
70566
78791
40988
84968
12950
43049
29441
33283
45021
19403
37671
52800
65255
19007
61032
41062
58160
16220
10787
55534
32708
26862
32335
46693
24824
21313
53841
76356
10703
82980
11274
68390
45798
66426
27073
40291
76494
44324
15572
67578
59765
29681
24923
63193
68670
21643
17767
70739
77675
65919
86115
35921
35695
17571
10776
55618
23004
35209
70656
28799
62772
88333
89689
96145
44732
41319
17299
48321
60541
98932
50849
81857
64010
34841
27063
73447
83334
44937
59004
17881
71379
92853
32440
88509
29889
83016
34898
43489
26612
58720
63399
46867
23466
63419
53408
66651
44058
13953
69061
92526
69474
56975
94591
20141
84695
14687
34338
26755
11290
30499
52953
78106
44897