61150
94024
43406
98661
17299
43603
90132
90132
97422
75302
18024
94024
72109
64129
55155
67583
34091
43008
97422
78635
43526
44804
11603
26938
52745
59992
70247
24737
35575
84124
81976
33349
77416
63630
89542
39849
97422
17299
75447
83417
29681
35541
55031
70247
82123
89542
94024
46875
97674
38394
43603
13575
47405
89542
68373
74493
91908
28783
51470
80450
13084
91257
43109
35200
17599
55031
24081
55031
62239
16768
44773
50548
28934
78893
63696
55031
96423
43603
52518
81976
83359
60991
35753
85311
44981
43603
43603
94024
33301
95399
13159
16215
48454
35375
16768
53486
66508
49287
46116
45156
77019
68967
31955
81976
90825
88660
81450
30851
60702
90810
91184
83830
26391
45156
97422
17118
38582
18325
23200
82014
64836
69435
51941
43603
57530
23054
80735
89542
29681
17299
94024
91820
18254
20182
31746
40070
64836
94024
60848
21613
85421
14916
59921
51470
62768
22482
59921
81450
13575
29681
82015
54143
35753
23054
93265
20135
83737
95847
31173
95779
13575
94024
69030
55031
97422
95825
69071
45758
65255
64724
46293
69521
34079
42340
18205
14916
89542
45290
51470
94024
13284
25804
95399
90132
43603
25467
73008
61796
40724
43603
51470
59921
90132
95399
51275
63244
64836
97100
16885
13284
60848
23902
16768
14331
55031
81976
58343
55031
99896
48343
81450
60848
19012
80333
95399
38271
99341
33892
77385
71553
60848
13575
88410
81943
98108
27568
25456
81450
13575
45001
65255
16633
95399
94498
55031
97422
92972
40280
30760
94197
77019
13431
64836
85369
70247
64137
52966
60854
65255
81310
56892
24595
81450
43167
29681
64836
70247
43603
95924
86513
89326
74544
70247
36593
12273
31653
43603
64836
13575
13431
12887
42508
13431
44019
40786
64836
14916
55031
14916
17299
98207
45758
43978
29681
81901
92631
24451
70593
97422
13325
61844
89542
69071
17299
97422
46194
93916
79658
81976
77019
79564
77878
68285
46867
90132
64599
24241
91359
13431
60848
56819
46898
14916
36671
14916
81450
29904
29681
26634
46867
51516
71162
13284
75587
16768
13575
56571
86313
49453
89542
60854
78421
60854
24365
64963
56013
97422
20848
46293
54464
13431
23054
58590
89542
94382
14916
73805
79829
81752
51151
91508
81450
45279
72612
15262
59346
24649
14916
26436
43083
45758
59921
83584
81450
65866
40953
13431
66024
74605
73112
25114
81176
51692
48595
78248
46867
95399
27946
46293
21967
70247
11765
23054
70247
81976
57844
36987
45758
40822
15262
17299
20462
86368
70068
50859
89542
14382
64992
57606
27907
25772
13575
51470
77139
94024
90132
40921
28732
97215
20405
59243
35753
93730
21723
77019
60225
62922
13575
44646
49938
65110
59518
69071
45758
34764
91359
84040
51534
84719
22568
69943
13864
90159
21234
43277
71361
78281
23720
91359
65255
77019
34340
10686
81976
91359
17299
45758
42820
54646
81943
60854
16187
58213
23054
81694
61502
72825
68244
64836
56505
93709
45156
22280
81976
35694
95399
82748
49843
13575
73903
70247
43603
80709
35639
23054
67801
57089
20574
47405
94024
87183
56294
65255
31819
55980
23054
46293
47565
47405
81943
43603
13284
81976
67491
81943
65255
17088
14916
62365
79391
68981
18156
23054
77019
94024
34897
13284
81607
77019
13961
97390
87320
95060
95399
19111
29670
18317
90199
93032
31988
13284
11497
23054
89542
77019
94024
95399
77019
63367
50854
78936
45758
23054
79829
13431
52197
73076
17299
29541
88931
84016
62808
13284
67563
11156
64971
13284
72738
65255
92788
47405
68032
41799
99772
43603
13284
97422
77019
70247
65117
89542
82114
13284
46293
81943
95399
91620
59242
44667
10528
51072
64836
43603
65645
46293
48017
81450
94197
97422
81450
89542
82318
74894
38935
47295
73090
29681
90132
30968
84125
69071
97422
83298
13431
48002
81943
54359
70247
81943
34203
71093
90132
90132
96436
43603
23054
75593
22369
13431
65255
46867
28505
81976
47932
66100
13575
43722
13284
59394
91359
46913
10753
14556
83158
45758
85933
99520
16049
75691
75289
13284
72477
81976
89542
43603
47405
73762
14241
45084
97422
17299
16768
32846
13284
16768
43603
30815
74187
78588
14916
34585
15981
68759
64836
58182
46867
27220
51119
27599
29681
81943
56829
65255
42665
23054
43603
24189
69829
15511
87399
69071
18973
13284
17299
46293
91359
77019
81943
98676
26112
61556
46867
51275
15153
54552
69791
85585
81450
55031
59921
87817
89514
72496
83959
21026
76422
14916
45699
23054
17309
36357
13575
20557
19650
23054
80932
13284
17849
73413
60585
59847
77019
13284
79399
45758
45156
65255
56078
56557
13575
61450
65255
52620
36666
16768
60048
13431
60848
65255
63254
90132
26716
50888
50172
56206
81976
97422
50570
45156
77864
99041
81976
10836
59921
63849
69833
98966
16768
92826
13431
58198
81450
14916
43592
81391
31727
89542
15228
23798
56609
96548
54178
53532
52896
79377
40105
60848
94197
23651
91359
44731
77019
14916
73797
77019
70034
94024
81450
70247
91182
22228
95695
51470
70247
80000
91359
40467
83692
93834
46293
56325
58994
13431
70247
14916
12534
29681
14222
65255
77019
94024
87504
82954
41337
13431
78048
93477
23054
44215
14916
81976
43603
31672
85115
95399
59921
69764
43091
85175
32959
67053
55031
45156
76644
35658
76815
68123
16768
59921
90492
64836
45758
30227
67830
23975
45118
62795
14916
81976
64836
47405
69180
17299
60848
94024
69263
13284
70247
69071
20261
64836
27431
59892
71849
43778
81943
38747
91359
13575
89542
88825
69926
70247
45758
13284
78245
75144
13431
55700
25112
27791
43603
26272
44266
52239
13137
56515
14094
46867
27805
35753
89542
36014
60848
78975
29681
13575
28673
46293
46249
15198
51470
40408
17880
29681
77019
60496
13897
46293
73346
78906
95399
99758
16768
49027
64836
70247
17299
17299
46867
23383
75634
80071
35488
81943
43632
98849
88022
65255
90132
37716
81077
57328
71247
90132
62595
19687
81976
81450
60526
28900
81943
55031
98815
17299
64144
70247
35753
70247
95399
90132
23054
19388
60854
81976
48543
13575
16890
35753
12805
16768
79829
70247
81450
81450
32436
47405
27716
62305
89156
99387
83357
64896
29681
87174
13575
49843
50689
47405
91359
13575
42477
14916
19758
89542
13575
93232
16768
29681
17299
70636
34371
75494
18000
81450
13284
15134
97422
26225
26288
33683
17299
79829
64836
89542
21632
83141
16639
31125
79242